   3.3462220e+00
   2.7188203e+00
   1.8587018e+00
   1.0921300e+00
   6.7354634e-01
   6.2433509e-01
   7.4572320e-01
   7.8745731e-01
   6.3455797e-01
   3.6789550e-01
   1.6295298e-01
   1.2378177e-01
   1.9682545e-01
   2.3489216e-01
   1.4964285e-01
   1.3332860e-02
   1.2942516e-02
   2.8710840e-01
   7.8142282e-01
   1.2508343e+00
   1.4215770e+00
   1.1932695e+00
   7.2322084e-01
   3.2333944e-01
   2.4566222e-01
   5.1858861e-01
   9.5354975e-01
   1.3062124e+00
   1.4574657e+00
   1.4722692e+00
   1.5015732e+00
   1.6233437e+00
   1.7649098e+00
   1.7738659e+00
   1.5733606e+00
   1.2614204e+00
   1.0581989e+00
   1.1339019e+00
   1.4560283e+00
   1.7873648e+00
   1.8485221e+00
   1.5251970e+00
   9.6010862e-01
   4.5706609e-01
   2.7049058e-01
   4.4101013e-01
   7.9716343e-01
   1.1092600e+00
   1.2635077e+00
   1.3171919e+00
   1.4016535e+00
   1.5688780e+00
   1.7220094e+00
   1.6941114e+00
   1.4081662e+00
   9.7622053e-01
   6.4158737e-01
   5.9862689e-01
   8.3164188e-01
   1.1072919e+00
   1.1362816e+00
   7.8476003e-01
   1.7383840e-01
  -4.0808664e-01
  -7.0986304e-01
  -6.8045496e-01
  -4.7059038e-01
  -2.8581319e-01
  -2.2021312e-01
  -2.0711689e-01
  -1.1783453e-01
   8.7938048e-02
   2.9917013e-01
   3.3977708e-01
   1.3417718e-01
  -1.9220850e-01
  -3.7430448e-01
  -1.9493476e-01
   3.4550433e-01
   1.0147142e+00
   1.5077192e+00
   1.6610406e+00
   1.5593312e+00
   1.4567327e+00
   1.5802126e+00
   1.9707718e+00
   2.4808615e+00
   2.9159832e+00
   3.1933848e+00
   3.3845176e+00
   3.6127796e+00
   3.9042627e+00
   4.1301521e+00
   4.1004889e+00
   3.7364455e+00
   3.1741350e+00
   2.7017587e+00
   2.5661075e+00
   2.7945335e+00
   3.1728056e+00
   3.3998613e+00
   3.3024663e+00
   2.9471321e+00
   2.5696611e+00
   2.3866360e+00
   2.4418198e+00
   2.6039555e+00
   2.7038347e+00
   2.6852108e+00
   2.6390458e+00
   2.6955585e+00
   2.8737829e+00
   3.0276049e+00
   2.9465322e+00
   2.5356694e+00
   1.9250162e+00
   1.4078495e+00
   1.2437730e+00
   1.4738990e+00
   1.8912049e+00
   2.1900073e+00
   2.1797121e+00
   1.9007438e+00
   1.5617586e+00
   1.3598199e+00
   1.3334424e+00
   1.3626199e+00
   1.3028848e+00
   1.1290027e+00
   9.6030103e-01
   9.4517734e-01
   1.1070323e+00
   1.2916771e+00
   1.2737242e+00
   9.4415507e-01
   4.2622725e-01
   1.6946398e-02
  -1.1484605e-02
   3.9784189e-01
   1.0493234e+00
   1.6377764e+00
   1.9592476e+00
   2.0288802e+00
   2.0244125e+00
   2.1148453e+00
   2.3211894e+00
   2.5206652e+00
   2.5799047e+00
   2.4930684e+00
   2.3988815e+00
   2.4571152e+00
   2.6896344e+00
   2.9277865e+00
   2.9236035e+00
   2.5452252e+00
   1.9008419e+00
   1.2854845e+00
   9.8320628e-01
   1.0725728e+00
   1.3822621e+00
   1.6263798e+00
   1.6100898e+00
   1.3466647e+00
   1.0048057e+00
   7.4427917e-01
   5.8408154e-01
   4.1159027e-01
   1.1620611e-01
  -2.7700283e-01
  -5.9824770e-01
  -6.6531036e-01
  -4.4900555e-01
  -1.2775262e-01
   2.6898301e-02
  -1.4696623e-01
  -5.6884837e-01
  -9.6179711e-01
  -1.0469960e+00
  -7.4000165e-01
  -2.0094147e-01
   2.9329814e-01
   5.4844958e-01
   5.6735239e-01
   4.9942597e-01
   4.8239976e-01
   5.1822850e-01
   4.8870648e-01
   2.9177688e-01
  -2.7087182e-02
  -2.7234664e-01
  -2.3920480e-01
   1.1343392e-01
   6.0460141e-01
   9.4702249e-01
   9.5578566e-01
   6.8952575e-01
   4.1236589e-01
   4.0390457e-01
   7.6262399e-01
   1.3505984e+00
   1.9133670e+00
   2.2714322e+00
   2.4297681e+00
   2.5269564e+00
   2.6812333e+00
   2.8736654e+00
   2.9711844e+00
   2.8676538e+00
   2.6155403e+00
   2.4241570e+00
   2.5116077e+00
   2.9243923e+00
   3.4743147e+00
   3.8541507e+00
   3.8511296e+00
   3.4962871e+00
   3.0351463e+00
   2.7439733e+00
   2.7347964e+00
   2.8965225e+00
   3.0073052e+00
   2.9172798e+00
   2.6511007e+00
   2.3542360e+00
   2.1410948e+00
   1.9841748e+00
   1.7445124e+00
   1.3186643e+00
   7.7244609e-01
   3.3652632e-01
   2.5193069e-01
   5.8180358e-01
   1.1420223e+00
   1.6145558e+00
   1.7636151e+00
   1.5918276e+00
   1.3195352e+00
   1.2084184e+00
   1.3700181e+00
   1.7052498e+00
   2.0106617e+00
   2.1527688e+00
   2.1629357e+00
   2.1795142e+00
   2.2967819e+00
   2.4595364e+00
   2.5016191e+00
   2.3006658e+00
   1.9165268e+00
   1.5868456e+00
   1.5679915e+00
   1.9395245e+00
   2.5276149e+00
   3.0140807e+00
   3.1527661e+00
   2.9304517e+00
   2.5536323e+00
   2.2795376e+00
   2.2291053e+00
   2.3261733e+00
   2.3985364e+00
   2.3438672e+00
   2.2158323e+00
   2.1601244e+00
   2.2620439e+00
   2.4448895e+00
   2.5160161e+00
   2.3301410e+00
   1.9343225e+00
   1.5658643e+00
   1.4907085e+00
   1.8016612e+00
   2.3344007e+00
   2.7708612e+00
   2.8539605e+00
   2.5515780e+00
   2.0500450e+00
   1.5930388e+00
   1.3006316e+00
   1.1104113e+00
   8.7546639e-01
   5.2320677e-01
   1.3280618e-01
  -1.3595449e-01
  -1.9826681e-01
  -1.4393237e-01
  -1.8493793e-01
  -4.8370338e-01
  -1.0006317e+00
  -1.4923843e+00
  -1.6746600e+00
  -1.4296510e+00
  -8.9811677e-01
  -3.8352769e-01
  -1.4159822e-01
  -2.1582752e-01
  -4.3908588e-01
  -5.8729930e-01
  -5.5335002e-01
  -4.0198667e-01
  -2.7250174e-01
  -2.2500117e-01
  -1.7059225e-01
   5.0173950e-02
   5.0760363e-01
   1.0839820e+00
   1.5315963e+00
   1.6531292e+00
   1.4628778e+00
   1.1943920e+00
   1.1387726e+00
   1.4331940e+00
   1.9612466e+00
   2.4404187e+00
   2.6263823e+00
   2.4755833e+00
   2.1465805e+00
   1.8527749e+00
   1.6958151e+00
   1.6159762e+00
   1.4906175e+00
   1.2843334e+00
   1.1116958e+00
   1.1508218e+00
   1.4777261e+00
   1.9657941e+00
   2.3471694e+00
   2.4004101e+00
   2.1203240e+00
   1.7325143e+00
   1.5344144e+00
   1.6814084e+00
   2.0805126e+00
   2.4693451e+00
   2.6131106e+00
   2.4636991e+00
   2.1625465e+00
   1.8992714e+00
   1.7531669e+00
   1.6508740e+00
   1.4687067e+00
   1.1819082e+00
   9.2218970e-01
   8.8384296e-01
   1.1512831e+00
   1.5950069e+00
   1.9341722e+00
   1.9297930e+00
   1.5624477e+00
   1.0540983e+00
   7.1302112e-01
   7.1885244e-01
   1.0104075e+00
   1.3559174e+00
   1.5413728e+00
   1.5240177e+00
   1.4345059e+00
   1.4398544e+00
   1.5926170e+00
   1.7967845e+00
   1.9159390e+00
   1.9239451e+00
   1.9591992e+00
   2.2241708e+00
   2.8057525e+00
   3.5662847e+00
   4.2054849e+00
   4.4576823e+00
   4.2768836e+00
   3.8666163e+00
   3.5305995e+00
   3.4590774e+00
   3.6129076e+00
   3.7863030e+00
   3.7865451e+00
   3.5807712e+00
   3.2957248e+00
   3.0834319e+00
   2.9772079e+00
   2.8660114e+00
   2.6096095e+00
   2.1923232e+00
   1.7753179e+00
   1.5899391e+00
   1.7499137e+00
   2.1352621e+00
   2.4507026e+00
   2.4241424e+00
   1.9971746e+00
   1.3623634e+00
   8.2044602e-01
   5.6971095e-01
   5.8836919e-01
   6.9133277e-01
   7.0185328e-01
   5.9109621e-01
   4.7426549e-01
   4.7771684e-01
   6.0113225e-01
   7.0074121e-01
   6.1305136e-01
   3.1396026e-01
  -2.8535291e-02
  -1.6550618e-01
   3.7455216e-02
   4.7619771e-01
   8.6106604e-01
   9.1450972e-01
   5.6533863e-01
  -7.1683156e-03
  -5.0889181e-01
  -7.3682879e-01
  -6.9646617e-01
  -5.4940906e-01
  -4.4929865e-01
  -4.1021945e-01
  -3.1604428e-01
  -5.4214257e-02
   3.5054124e-01
   7.2714006e-01
   8.9049297e-01
   8.0708310e-01
   6.4971331e-01
   6.8325934e-01
   1.0621714e+00
   1.6980002e+00
   2.3056740e+00
   2.5984131e+00
   2.4842869e+00
   2.1167113e+00
   1.7669044e+00
   1.6247341e+00
   1.6844037e+00
   1.7950937e+00
   1.8192842e+00
   1.7568257e+00
   1.7292475e+00
   1.8433082e+00
   2.0594193e+00
   2.1888659e+00
   2.0343331e+00
   1.5625562e+00
   9.6236027e-01
   5.2857949e-01
   4.5307361e-01
   6.8325723e-01
   9.5990557e-01
   1.0069614e+00
   7.2797492e-01
   2.6130491e-01
  -1.3978141e-01
  -2.9856727e-01
  -2.2429277e-01
  -6.1128132e-02
   6.5995154e-02
   1.6846815e-01
   3.7126452e-01
   7.7219000e-01
   1.3105376e+00
   1.7691661e+00
   1.9228632e+00
   1.7190157e+00
   1.3409400e+00
   1.0924010e+00
   1.1842620e+00
   1.5851992e+00
   2.0510246e+00
   2.3083685e+00
   2.2495354e+00
   1.9912061e+00
   1.7618368e+00
   1.7186511e+00
   1.8447997e+00
   2.0027451e+00
   2.0858090e+00
   2.1287077e+00
   2.2768063e+00
   2.6388753e+00
   3.1531323e+00
   3.5914825e+00
   3.7139068e+00
   3.4566578e+00
   3.0016669e+00
   2.6632720e+00
   2.6722153e+00
   3.0196700e+00
   3.4781928e+00
   3.7783857e+00
   3.8006850e+00
   3.6361721e+00
   3.4806392e+00
   3.4605656e+00
   3.5385196e+00
   3.5712684e+00
   3.4610393e+00
   3.2610705e+00
   3.1371703e+00
   3.2129856e+00
   3.4315348e+00
   3.5595194e+00
